Owner = Niko
Owned = 0
Cena = 345533
Level = 2
Neaktivnost = 0
X = 1235.109741
Y = -737.336791
Z = 95.977890
InterID = 2
InterX = 491.070007
InterY = 1398.500000
InterZ = 1080.260009
Rent = 
Rented = 0
OnRent = 
VirtualWorld = 0
